{
 "cells": [
  {
   "cell_type": "code",
   "execution_count": 1,
   "id": "9e58533a-c4b4-4802-a787-e762d49d81d4",
   "metadata": {},
   "outputs": [],
   "source": [
    "import torch\n",
    "import numpy as np\n",
    "import torch.distributions as D\n",
    "import torch.nn as nn\n",
    "import sklearn\n",
    "import sklearn.datasets\n",
    "import random"
   ]
  },
  {
   "cell_type": "code",
   "execution_count": 66,
   "id": "8ec48a8a-ea18-49d3-a83f-5ac1e5da4325",
   "metadata": {},
   "outputs": [],
   "source": [
    "# seed\n",
    "seed = 747 \n",
    "torch.manual_seed(seed)\n",
    "np.random.seed(seed)\n",
    "random.seed(seed)\n",
    "\n",
    "def get_responsibilities(data, pis, mus, Sigmas, K):\n",
    "    data_dim = data.size()[1]\n",
    "    mus = mus.view(K, data_dim)\n",
    "    Sigmas = Sigmas.view(K, data_dim, data_dim)\n",
    "    pis = pis.view(-1)\n",
    "    # create the constructor of multivariatenormal dist of the given paramters\n",
    "    distns = D.MultivariateNormal(mus, Sigmas)\n",
    "    # reshape the data, so it will produce three probabilities corresponding to three categories\n",
    "    lps = distns.log_prob(data.view(-1,1,data_dim))\n",
    "    logpis = torch.log(pis)\n",
    "    temps = lps+logpis\n",
    "    # log(pi * Norm) = log(pi) + log(norm)\n",
    "    \n",
    "    ziks = nn.Softmax(1)(temps)\n",
    "    return ziks\n",
    "    \n",
    "    \n",
    "def update_mu(ziks, data, mus, K):\n",
    "    nks = ziks.sum(0)\n",
    "    mus = []\n",
    "    for k in range(K):\n",
    "        mu_k = (ziks[:,k].view(-1,1)*data).sum(0)/nks[k]\n",
    "        mus.append(mu_k)\n",
    "    return torch.stack(mus, 0)\n",
    "\n",
    "def update_Sigma(ziks,data,mus,Sigmas,K):\n",
    "    nks = ziks.sum(0)\n",
    "    Sigmas = []\n",
    "    for k in range(K):\n",
    "        demeaned = data - mus[k]\n",
    "        Sigmas.append((demeaned.T@ torch.diag(ziks[:,k])@demeaned)/nks[k])\n",
    "    return torch.stack(Sigmas,0)\n",
    "\n",
    "def update_pi(ziks,data):\n",
    "    nks = ziks.sum(0)\n",
    "    return nks/data.size()[0]"
   ]
  },
  {
   "cell_type": "code",
   "execution_count": 67,
   "id": "f2acf874-e8b1-4710-813c-b588cc029262",
   "metadata": {},
   "outputs": [],
   "source": [
    "means = torch.stack([-5*torch.ones(5), -1*torch.ones(5), 3*torch.ones(5)])\n",
    "Sigmas = torch.stack([torch.tensor(sklearn.datasets.make_spd_matrix(5)),\n",
    "                     torch.tensor(sklearn.datasets.make_spd_matrix(5)),\n",
    "                     torch.tensor(sklearn.datasets.make_spd_matrix(5))])\n",
    "\n",
    "means.double()\n",
    "Sigmas.double()\n",
    "mix = D.Categorical(torch.ones(3,))\n",
    "comp = D.MultivariateNormal(means.double(), Sigmas)\n",
    "gmm = D.MixtureSameFamily(mix, comp)\n",
    "data = gmm.sample((100,))"
   ]
  },
  {
   "cell_type": "code",
   "execution_count": 68,
   "id": "97e24335-097d-4a5e-b783-833d220cbbeb",
   "metadata": {},
   "outputs": [],
   "source": [
    "def EM_GMM(data, mus_init, Sigmas_init, pi_init, K, n_iter=1000):\n",
    "    mu = torch.clone(mus_init)\n",
    "    Sigma = torch.clone(Sigmas_init)\n",
    "    pi = torch.clone(pi_init)\n",
    "    for i in range(n_iter):\n",
    "        ziks = get_responsibilities(data, pi, mu, Sigma, K)\n",
    "        mu = update_mu(ziks, data, mu, K)\n",
    "        Sigma = update_Sigma(ziks, data, mu, Sigma, K)\n",
    "        pi = update_pi(ziks, data)\n",
    "    return pi, mu, Sigma"
   ]
  },
  {
   "cell_type": "code",
   "execution_count": 69,
   "id": "59abd9e4-ba85-484a-ad1e-df7389eca601",
   "metadata": {},
   "outputs": [
    {
     "data": {
      "text/plain": [
       "(tensor([0.3300, 0.3400, 0.3300], dtype=torch.float64),\n",
       " tensor([[ 2.6393,  3.0998,  2.7830,  2.8629,  3.1710],\n",
       "         [-0.9684, -0.9919, -1.0667, -1.1774, -1.1487],\n",
       "         [-4.8103, -4.5495, -5.0647, -4.6336, -5.0160]], dtype=torch.float64),\n",
       " tensor([[[ 2.0672e+00,  4.0317e-01,  9.9368e-01, -1.2028e-02, -5.7615e-01],\n",
       "          [ 4.0317e-01,  5.5658e-01,  2.3263e-01, -1.2983e-01, -1.6607e-01],\n",
       "          [ 9.9368e-01,  2.3263e-01,  6.5973e-01,  6.9880e-02, -2.6689e-01],\n",
       "          [-1.2028e-02, -1.2983e-01,  6.9880e-02,  3.7610e-01,  6.2561e-02],\n",
       "          [-5.7615e-01, -1.6607e-01, -2.6689e-01,  6.2561e-02,  4.6020e-01]],\n",
       " \n",
       "         [[ 8.1820e-01, -4.4257e-03,  5.1424e-02,  3.6330e-01, -3.6266e-01],\n",
       "          [-4.4257e-03,  2.5359e-01, -2.2567e-01,  1.9635e-01,  1.1241e-01],\n",
       "          [ 5.1424e-02, -2.2567e-01,  1.0345e+00, -1.8690e+00, -3.3147e-01],\n",
       "          [ 3.6330e-01,  1.9635e-01, -1.8690e+00,  5.5159e+00,  6.0622e-01],\n",
       "          [-3.6266e-01,  1.1241e-01, -3.3147e-01,  6.0622e-01,  9.3702e-01]],\n",
       " \n",
       "         [[ 1.4697e+00,  1.4000e+00, -3.3994e-01,  5.3524e-02, -4.3246e-01],\n",
       "          [ 1.4000e+00,  2.3562e+00, -8.2132e-01,  6.9508e-02, -3.9160e-01],\n",
       "          [-3.3994e-01, -8.2132e-01,  4.4926e-01, -4.0932e-02,  5.7619e-02],\n",
       "          [ 5.3524e-02,  6.9508e-02, -4.0932e-02,  2.0430e-01,  3.4978e-02],\n",
       "          [-4.3246e-01, -3.9160e-01,  5.7619e-02,  3.4978e-02,  4.4024e-01]]],\n",
       "        dtype=torch.float64))"
      ]
     },
     "execution_count": 69,
     "metadata": {},
     "output_type": "execute_result"
    }
   ],
   "source": [
    "K = 3\n",
    "pis = torch.tensor([.33, .34, .33]).double()\n",
    "mus = torch.rand(3,5).double()\n",
    "Sigmas = 5*torch.eye(5).view(1,5,5).repeat(3,1,1).double()\n",
    "EM_GMM(data, mus, Sigmas, pis, K, 100)"
   ]
  },
  {
   "cell_type": "code",
   "execution_count": 70,
   "id": "cd8c670f-865c-449e-a154-ffcb33b4e3f8",
   "metadata": {},
   "outputs": [
    {
     "data": {
      "text/plain": [
       "(array([0.33, 0.33, 0.34]),\n",
       " array([[-4.81029226, -4.54950631, -5.06473239, -4.6336104 , -5.01602173],\n",
       "        [ 2.63926413,  3.09981695,  2.78299456,  2.8629267 ,  3.17100632],\n",
       "        [-0.96836634, -0.99190316, -1.06665851, -1.17739557, -1.14871311]]),\n",
       " array([[[ 1.46972774e+00,  1.40004272e+00, -3.39937067e-01,\n",
       "           5.35237014e-02, -4.32455383e-01],\n",
       "         [ 1.40004272e+00,  2.35618258e+00, -8.21323510e-01,\n",
       "           6.95082620e-02, -3.91599967e-01],\n",
       "         [-3.39937067e-01, -8.21323510e-01,  4.49257169e-01,\n",
       "          -4.09316169e-02,  5.76191551e-02],\n",
       "         [ 5.35237014e-02,  6.95082620e-02, -4.09316169e-02,\n",
       "           2.04297620e-01,  3.49784300e-02],\n",
       "         [-4.32455383e-01, -3.91599967e-01,  5.76191551e-02,\n",
       "           3.49784300e-02,  4.40244144e-01]],\n",
       " \n",
       "        [[ 2.06715445e+00,  4.03165812e-01,  9.93683414e-01,\n",
       "          -1.20284455e-02, -5.76145028e-01],\n",
       "         [ 4.03165812e-01,  5.56581978e-01,  2.32633819e-01,\n",
       "          -1.29825319e-01, -1.66069740e-01],\n",
       "         [ 9.93683414e-01,  2.32633819e-01,  6.59735702e-01,\n",
       "           6.98802051e-02, -2.66891914e-01],\n",
       "         [-1.20284455e-02, -1.29825319e-01,  6.98802051e-02,\n",
       "           3.76102915e-01,  6.25614364e-02],\n",
       "         [-5.76145028e-01, -1.66069740e-01, -2.66891914e-01,\n",
       "           6.25614364e-02,  4.60198912e-01]],\n",
       " \n",
       "        [[ 8.18205235e-01, -4.42571567e-03,  5.14237693e-02,\n",
       "           3.63303353e-01, -3.62658338e-01],\n",
       "         [-4.42571567e-03,  2.53592434e-01, -2.25674923e-01,\n",
       "           1.96350729e-01,  1.12411388e-01],\n",
       "         [ 5.14237693e-02, -2.25674923e-01,  1.03452195e+00,\n",
       "          -1.86900769e+00, -3.31465091e-01],\n",
       "         [ 3.63303353e-01,  1.96350729e-01, -1.86900769e+00,\n",
       "           5.51590380e+00,  6.06215942e-01],\n",
       "         [-3.62658338e-01,  1.12411388e-01, -3.31465091e-01,\n",
       "           6.06215942e-01,  9.37022383e-01]]]))"
      ]
     },
     "execution_count": 70,
     "metadata": {},
     "output_type": "execute_result"
    }
   ],
   "source": [
    "from sklearn.mixture import GaussianMixture\n",
    "\n",
    "sk_results = GaussianMixture(3).fit(data)\n",
    "sk_results.weights_, sk_results.means_, sk_results.covariances_"
   ]
  },
  {
   "cell_type": "code",
   "execution_count": 27,
   "id": "8f79b610-996e-4e72-aa05-a1209bbc2c9c",
   "metadata": {},
   "outputs": [],
   "source": [
    "distns = D.MultivariateNormal(mus,Sigmas)\n"
   ]
  },
  {
   "cell_type": "code",
   "execution_count": 30,
   "id": "f0afab95-045b-470f-82d9-055fc20a77b0",
   "metadata": {},
   "outputs": [
    {
     "data": {
      "text/plain": [
       "tensor([-1.1087, -1.0788, -1.1087], dtype=torch.float64)"
      ]
     },
     "execution_count": 30,
     "metadata": {},
     "output_type": "execute_result"
    }
   ],
   "source": [
    "logpis = torch.log(pis)\n",
    "logpis"
   ]
  },
  {
   "cell_type": "code",
   "execution_count": 32,
   "id": "f8a996c1-214e-49c9-8b07-4092763877f4",
   "metadata": {},
   "outputs": [],
   "source": [
    "lps = distns.log_prob(data.view(-1,1,5))"
   ]
  },
  {
   "cell_type": "code",
   "execution_count": 35,
   "id": "328dee2f-a7ab-4d03-939d-8d44c3ef117c",
   "metadata": {},
   "outputs": [
    {
     "data": {
      "text/plain": [
       "\u001b[1;31mSignature:\u001b[0m \u001b[0mdistns\u001b[0m\u001b[1;33m.\u001b[0m\u001b[0mlog_prob\u001b[0m\u001b[1;33m(\u001b[0m\u001b[0mvalue\u001b[0m\u001b[1;33m)\u001b[0m\u001b[1;33m\u001b[0m\u001b[1;33m\u001b[0m\u001b[0m\n",
       "\u001b[1;31mDocstring:\u001b[0m\n",
       "Returns the log of the probability density/mass function evaluated at\n",
       "`value`.\n",
       "\n",
       "Args:\n",
       "    value (Tensor):\n",
       "\u001b[1;31mFile:\u001b[0m      d:\\conda\\lib\\site-packages\\torch\\distributions\\multivariate_normal.py\n",
       "\u001b[1;31mType:\u001b[0m      method\n"
      ]
     },
     "metadata": {},
     "output_type": "display_data"
    }
   ],
   "source": [
    "?distns.log_prob"
   ]
  },
  {
   "cell_type": "code",
   "execution_count": 36,
   "id": "2f5fa3a1-5b0f-44dd-a411-bdbd31d13345",
   "metadata": {},
   "outputs": [
    {
     "data": {
      "text/plain": [
       "torch.Size([100, 1, 5])"
      ]
     },
     "execution_count": 36,
     "metadata": {},
     "output_type": "execute_result"
    }
   ],
   "source": [
    "data.view(-1,1,5).size()"
   ]
  },
  {
   "cell_type": "code",
   "execution_count": 37,
   "id": "67b0f6a9-b71f-4df6-bec4-71a4f1640cb3",
   "metadata": {},
   "outputs": [
    {
     "data": {
      "text/plain": [
       "torch.Size([100, 3])"
      ]
     },
     "execution_count": 37,
     "metadata": {},
     "output_type": "execute_result"
    }
   ],
   "source": [
    "lps.size()"
   ]
  },
  {
   "cell_type": "code",
   "execution_count": 38,
   "id": "e8234fc5-79a7-45b5-8be8-1651a367f078",
   "metadata": {},
   "outputs": [
    {
     "data": {
      "text/plain": [
       "torch.Size([3])"
      ]
     },
     "execution_count": 38,
     "metadata": {},
     "output_type": "execute_result"
    }
   ],
   "source": [
    "logpis.size()"
   ]
  },
  {
   "cell_type": "code",
   "execution_count": 39,
   "id": "696dad68-aa25-4cc5-91f0-d7648d6132af",
   "metadata": {},
   "outputs": [
    {
     "data": {
      "text/plain": [
       "torch.Size([100, 3])"
      ]
     },
     "execution_count": 39,
     "metadata": {},
     "output_type": "execute_result"
    }
   ],
   "source": [
    "temp = lps + logpis\n",
    "temp.size()"
   ]
  },
  {
   "cell_type": "code",
   "execution_count": 43,
   "id": "70e65580-c731-4353-ba3f-caf04f816612",
   "metadata": {},
   "outputs": [
    {
     "data": {
      "text/plain": [
       "torch.Size([100, 3])"
      ]
     },
     "execution_count": 43,
     "metadata": {},
     "output_type": "execute_result"
    }
   ],
   "source": [
    "ziks = nn.Softmax(1)(temp)\n",
    "ziks.size()"
   ]
  },
  {
   "cell_type": "code",
   "execution_count": 44,
   "id": "b7ce72a5-65a5-4da8-a4cd-b4de7225cab5",
   "metadata": {},
   "outputs": [
    {
     "data": {
      "text/plain": [
       "tensor([28.4921, 29.4939, 42.0140], dtype=torch.float64)"
      ]
     },
     "execution_count": 44,
     "metadata": {},
     "output_type": "execute_result"
    }
   ],
   "source": [
    "nks = ziks.sum(0)\n",
    "nks"
   ]
  },
  {
   "cell_type": "code",
   "execution_count": 48,
   "id": "1adc2340-cd8a-427e-bb18-82dbfec3756e",
   "metadata": {},
   "outputs": [],
   "source": [
    "ss = ziks[:,0].view(-1,1)*data"
   ]
  },
  {
   "cell_type": "code",
   "execution_count": 51,
   "id": "b3aaf314-1211-4658-bfd6-c43dfca15a39",
   "metadata": {},
   "outputs": [],
   "source": [
    "mu_k = ss.sum(0)/nks[0]"
   ]
  },
  {
   "cell_type": "code",
   "execution_count": 53,
   "id": "5e376e67-2435-43be-a1cb-d6895d0241c1",
   "metadata": {},
   "outputs": [
    {
     "data": {
      "text/plain": [
       "torch.Size([3, 5])"
      ]
     },
     "execution_count": 53,
     "metadata": {},
     "output_type": "execute_result"
    }
   ],
   "source": [
    "mus.size()"
   ]
  },
  {
   "cell_type": "code",
   "execution_count": 54,
   "id": "bac259fd-62a7-4d37-af95-c6f83160235c",
   "metadata": {},
   "outputs": [],
   "source": [
    "demeaned = data- mus[0]\n",
    "sig = demeaned.T @ torch.diag(ziks[:,0]) @ demeaned / nks[0]"
   ]
  },
  {
   "cell_type": "code",
   "execution_count": 55,
   "id": "a7abdcb8-93da-4909-ae0c-65fd9a503592",
   "metadata": {},
   "outputs": [
    {
     "data": {
      "text/plain": [
       "tensor([[12.4411, 10.5048, 11.5102, 10.8878, 11.1587],\n",
       "        [10.5048, 11.6696, 10.7590, 10.9930,  9.7110],\n",
       "        [11.5102, 10.7590, 11.8610, 10.9593, 10.1952],\n",
       "        [10.8878, 10.9930, 10.9593, 11.5004,  9.7731],\n",
       "        [11.1587,  9.7110, 10.1952,  9.7731, 13.5046]], dtype=torch.float64)"
      ]
     },
     "execution_count": 55,
     "metadata": {},
     "output_type": "execute_result"
    }
   ],
   "source": [
    "sig"
   ]
  },
  {
   "cell_type": "markdown",
   "id": "db856d3e-e703-4ed9-9f1d-8093c9e71b94",
   "metadata": {},
   "source": [
    "Real Data"
   ]
  },
  {
   "cell_type": "code",
   "execution_count": 71,
   "id": "e5dac12d-0743-4add-aaaa-b3a2b828680e",
   "metadata": {},
   "outputs": [
    {
     "data": {
      "text/html": [
       "<div>\n",
       "<style scoped>\n",
       "    .dataframe tbody tr th:only-of-type {\n",
       "        vertical-align: middle;\n",
       "    }\n",
       "\n",
       "    .dataframe tbody tr th {\n",
       "        vertical-align: top;\n",
       "    }\n",
       "\n",
       "    .dataframe thead th {\n",
       "        text-align: right;\n",
       "    }\n",
       "</style>\n",
       "<table border=\"1\" class=\"dataframe\">\n",
       "  <thead>\n",
       "    <tr style=\"text-align: right;\">\n",
       "      <th></th>\n",
       "      <th>sepal length (cm)</th>\n",
       "      <th>sepal width (cm)</th>\n",
       "      <th>petal length (cm)</th>\n",
       "      <th>petal width (cm)</th>\n",
       "      <th>target</th>\n",
       "    </tr>\n",
       "  </thead>\n",
       "  <tbody>\n",
       "    <tr>\n",
       "      <th>0</th>\n",
       "      <td>5.1</td>\n",
       "      <td>3.5</td>\n",
       "      <td>1.4</td>\n",
       "      <td>0.2</td>\n",
       "      <td>0</td>\n",
       "    </tr>\n",
       "    <tr>\n",
       "      <th>1</th>\n",
       "      <td>4.9</td>\n",
       "      <td>3.0</td>\n",
       "      <td>1.4</td>\n",
       "      <td>0.2</td>\n",
       "      <td>0</td>\n",
       "    </tr>\n",
       "    <tr>\n",
       "      <th>2</th>\n",
       "      <td>4.7</td>\n",
       "      <td>3.2</td>\n",
       "      <td>1.3</td>\n",
       "      <td>0.2</td>\n",
       "      <td>0</td>\n",
       "    </tr>\n",
       "    <tr>\n",
       "      <th>3</th>\n",
       "      <td>4.6</td>\n",
       "      <td>3.1</td>\n",
       "      <td>1.5</td>\n",
       "      <td>0.2</td>\n",
       "      <td>0</td>\n",
       "    </tr>\n",
       "    <tr>\n",
       "      <th>4</th>\n",
       "      <td>5.0</td>\n",
       "      <td>3.6</td>\n",
       "      <td>1.4</td>\n",
       "      <td>0.2</td>\n",
       "      <td>0</td>\n",
       "    </tr>\n",
       "    <tr>\n",
       "      <th>...</th>\n",
       "      <td>...</td>\n",
       "      <td>...</td>\n",
       "      <td>...</td>\n",
       "      <td>...</td>\n",
       "      <td>...</td>\n",
       "    </tr>\n",
       "    <tr>\n",
       "      <th>145</th>\n",
       "      <td>6.7</td>\n",
       "      <td>3.0</td>\n",
       "      <td>5.2</td>\n",
       "      <td>2.3</td>\n",
       "      <td>2</td>\n",
       "    </tr>\n",
       "    <tr>\n",
       "      <th>146</th>\n",
       "      <td>6.3</td>\n",
       "      <td>2.5</td>\n",
       "      <td>5.0</td>\n",
       "      <td>1.9</td>\n",
       "      <td>2</td>\n",
       "    </tr>\n",
       "    <tr>\n",
       "      <th>147</th>\n",
       "      <td>6.5</td>\n",
       "      <td>3.0</td>\n",
       "      <td>5.2</td>\n",
       "      <td>2.0</td>\n",
       "      <td>2</td>\n",
       "    </tr>\n",
       "    <tr>\n",
       "      <th>148</th>\n",
       "      <td>6.2</td>\n",
       "      <td>3.4</td>\n",
       "      <td>5.4</td>\n",
       "      <td>2.3</td>\n",
       "      <td>2</td>\n",
       "    </tr>\n",
       "    <tr>\n",
       "      <th>149</th>\n",
       "      <td>5.9</td>\n",
       "      <td>3.0</td>\n",
       "      <td>5.1</td>\n",
       "      <td>1.8</td>\n",
       "      <td>2</td>\n",
       "    </tr>\n",
       "  </tbody>\n",
       "</table>\n",
       "<p>150 rows × 5 columns</p>\n",
       "</div>"
      ],
      "text/plain": [
       "     sepal length (cm)  sepal width (cm)  petal length (cm)  petal width (cm)  \\\n",
       "0                  5.1               3.5                1.4               0.2   \n",
       "1                  4.9               3.0                1.4               0.2   \n",
       "2                  4.7               3.2                1.3               0.2   \n",
       "3                  4.6               3.1                1.5               0.2   \n",
       "4                  5.0               3.6                1.4               0.2   \n",
       "..                 ...               ...                ...               ...   \n",
       "145                6.7               3.0                5.2               2.3   \n",
       "146                6.3               2.5                5.0               1.9   \n",
       "147                6.5               3.0                5.2               2.0   \n",
       "148                6.2               3.4                5.4               2.3   \n",
       "149                5.9               3.0                5.1               1.8   \n",
       "\n",
       "     target  \n",
       "0         0  \n",
       "1         0  \n",
       "2         0  \n",
       "3         0  \n",
       "4         0  \n",
       "..      ...  \n",
       "145       2  \n",
       "146       2  \n",
       "147       2  \n",
       "148       2  \n",
       "149       2  \n",
       "\n",
       "[150 rows x 5 columns]"
      ]
     },
     "execution_count": 71,
     "metadata": {},
     "output_type": "execute_result"
    }
   ],
   "source": [
    "import pandas as pd\n",
    "import matplotlib.pyplot as plt\n",
    "from sklearn.datasets import load_iris\n",
    "X,Y = load_iris(return_X_y = True, as_frame = True)\n",
    "pd.concat([X,pd.DataFrame(Y)], axis = 1)"
   ]
  },
  {
   "cell_type": "code",
   "execution_count": 73,
   "id": "7c82c40e-a99e-4e1c-8215-92caef23238f",
   "metadata": {},
   "outputs": [
    {
     "data": {
